Reading file exemplos/09...

-------------------------------------------------
LP with 4 variables and 6 constraints

max    6x1 + -10x2 +  -1x3 +  -2x4
s.t.  -1x1 +   1x2 +   1x3 +   2x4 <=  5
                   +   1x3 +  -2x4 <=  1
       2x1 +  -2x2 +   1x3 +   1x4 <=  9
      -1x1 +  -1x2         +   1x4 <= -1
       2x1 +  -1x2 +  -1x3 +   2x4 <=  4
      -1x1 +  -2x2         +  -2x4 <=  9

Variable bounds:
x >= 0


-------------------------------------------------
Standard LP with 10 variables and 6 constraints

max    6x1 + -10x2 +  -1x3 +  -2x4                                                
s.t.  -1x1 +   1x2 +   1x3 +   2x4 +   1x5                                         ==  5
                   +   1x3 +  -2x4         +   1x6                                 ==  1
       2x1 +  -2x2 +   1x3 +   1x4                 +   1x7                         ==  9
      -1x1 +  -1x2         +   1x4                         +   1x8                 == -1
       2x1 +  -1x2 +  -1x3 +   2x4                                 +   1x9         ==  4
      -1x1 +  -2x2         +  -2x4                                         +   1x10 ==  9

------------------------------------------------------------------------------
Solving LP...


  Initial tableau:
     0.00  0.00  0.00  0.00  0.00  0.00 || -6.00 10.00  1.00  2.00  0.00  0.00  0.00  0.00  0.00  0.00 |  0.00  Basis:
    ----------------------------------------------------------------------------------------------------------
     1.00  0.00  0.00  0.00  0.00  0.00 || -1.00  1.00  1.00  2.00  1.00  0.00  0.00  0.00  0.00  0.00 |  5.00       5
     0.00  1.00  0.00  0.00  0.00  0.00 ||  0.00  0.00  1.00 -2.00  0.00  1.00  0.00  0.00  0.00  0.00 |  1.00       6
     0.00  0.00  1.00  0.00  0.00  0.00 ||  2.00 -2.00  1.00  1.00  0.00  0.00  1.00  0.00  0.00  0.00 |  9.00       7
     0.00  0.00  0.00 -1.00  0.00  0.00 ||  1.00  1.00  0.00 -1.00  0.00  0.00  0.00 -1.00  0.00  0.00 |  1.00       0
     0.00  0.00  0.00  0.00  1.00  0.00 ||  2.00 -1.00 -1.00  2.00  0.00  0.00  0.00  0.00  1.00  0.00 |  4.00       9
     0.00  0.00  0.00  0.00  0.00  1.00 || -1.00 -2.00  0.00 -2.00  0.00  0.00  0.00  0.00  0.00  1.00 |  9.00      10


Trivial basis was not found, starting auxiliary LP

  Original auxiliary tableau:
     0.00  0.00  0.00  0.00  0.00  0.00 ||  0.00  0.00  0.00  0.00  0.00  0.00  0.00  0.00  0.00  0.00  1.00 |  0.00  Basis:
    ----------------------------------------------------------------------------------------------------------------
     1.00  0.00  0.00  0.00  0.00  0.00 || -1.00  1.00  1.00  2.00  1.00  0.00  0.00  0.00  0.00  0.00  0.00 |  5.00       5
     0.00  1.00  0.00  0.00  0.00  0.00 ||  0.00  0.00  1.00 -2.00  0.00  1.00  0.00  0.00  0.00  0.00  0.00 |  1.00       6
     0.00  0.00  1.00  0.00  0.00  0.00 ||  2.00 -2.00  1.00  1.00  0.00  0.00  1.00  0.00  0.00  0.00  0.00 |  9.00       7
     0.00  0.00  0.00 -1.00  0.00  0.00 ||  1.00  1.00  0.00 -1.00  0.00  0.00  0.00 -1.00  0.00  0.00  1.00 |  1.00      11
     0.00  0.00  0.00  0.00  1.00  0.00 ||  2.00 -1.00 -1.00  2.00  0.00  0.00  0.00  0.00  1.00  0.00  0.00 |  4.00       9
     0.00  0.00  0.00  0.00  0.00  1.00 || -1.00 -2.00  0.00 -2.00  0.00  0.00  0.00  0.00  0.00  1.00  0.00 |  9.00      10


  Auxiliary tableau in canonical form:
     0.00  0.00  0.00  1.00  0.00  0.00 || -1.00 -1.00  0.00  1.00  0.00  0.00  0.00  1.00  0.00  0.00  0.00 | -1.00  Basis:
    ----------------------------------------------------------------------------------------------------------------
     1.00  0.00  0.00  0.00  0.00  0.00 || -1.00  1.00  1.00  2.00  1.00  0.00  0.00  0.00  0.00  0.00  0.00 |  5.00       5
     0.00  1.00  0.00  0.00  0.00  0.00 ||  0.00  0.00  1.00 -2.00  0.00  1.00  0.00  0.00  0.00  0.00  0.00 |  1.00       6
     0.00  0.00  1.00  0.00  0.00  0.00 ||  2.00 -2.00  1.00  1.00  0.00  0.00  1.00  0.00  0.00  0.00  0.00 |  9.00       7
     0.00  0.00  0.00 -1.00  0.00  0.00 ||  1.00  1.00  0.00 -1.00  0.00  0.00  0.00 -1.00  0.00  0.00  1.00 |  1.00      11
     0.00  0.00  0.00  0.00  1.00  0.00 ||  2.00 -1.00 -1.00  2.00  0.00  0.00  0.00  0.00  1.00  0.00  0.00 |  4.00       9
     0.00  0.00  0.00  0.00  0.00  1.00 || -1.00 -2.00  0.00 -2.00  0.00  0.00  0.00  0.00  0.00  1.00  0.00 |  9.00      10

---------------------------------
Optimising auxiliary tableau...

  Auxiliary tableau, iteration 1

     0.00  0.00  0.00  0.00  0.00  0.00 ||  0.00  0.00  0.00  0.00  0.00  0.00  0.00  0.00  0.00  0.00  1.00 |  0.00  Basis:
    ----------------------------------------------------------------------------------------------------------------
     1.00  0.00  0.00 -1.00  0.00  0.00 ||  0.00  2.00  1.00  1.00  1.00  0.00  0.00 -1.00  0.00  0.00  1.00 |  6.00       5
     0.00  1.00  0.00  0.00  0.00  0.00 ||  0.00  0.00  1.00 -2.00  0.00  1.00  0.00  0.00  0.00  0.00  0.00 |  1.00       6
     0.00  0.00  1.00  2.00  0.00  0.00 ||  0.00 -4.00  1.00  3.00  0.00  0.00  1.00  2.00  0.00  0.00 -2.00 |  7.00       7
     0.00  0.00  0.00 -1.00  0.00  0.00 ||  1.00  1.00  0.00 -1.00  0.00  0.00  0.00 -1.00  0.00  0.00  1.00 |  1.00       1
     0.00  0.00  0.00  2.00  1.00  0.00 ||  0.00 -3.00 -1.00  4.00  0.00  0.00  0.00  2.00  1.00  0.00 -2.00 |  2.00       9
     0.00  0.00  0.00 -1.00  0.00  1.00 ||  0.00 -1.00  0.00 -3.00  0.00  0.00  0.00 -1.00  0.00  1.00  1.00 | 10.00      10


  Auxiliary LP solved
    Status     : optimal
    Obj. value : 0
    Solution   : [ 1.00  0.00  0.00  0.00  6.00  1.00  7.00  0.00  2.00 10.00  0.00]
    Certificate: [ 0.00  0.00  0.00  0.00  0.00  0.00]

  Original tableau after auxiliary:
     0.00  0.00  0.00  0.00  0.00  0.00 || -6.00 10.00  1.00  2.00  0.00  0.00  0.00  0.00  0.00  0.00 |  0.00  Basis:
    ----------------------------------------------------------------------------------------------------------
     1.00  0.00  0.00 -1.00  0.00  0.00 ||  0.00  2.00  1.00  1.00  1.00  0.00  0.00 -1.00  0.00  0.00 |  6.00       5
     0.00  1.00  0.00  0.00  0.00  0.00 ||  0.00  0.00  1.00 -2.00  0.00  1.00  0.00  0.00  0.00  0.00 |  1.00       6
     0.00  0.00  1.00  2.00  0.00  0.00 ||  0.00 -4.00  1.00  3.00  0.00  0.00  1.00  2.00  0.00  0.00 |  7.00       7
     0.00  0.00  0.00 -1.00  0.00  0.00 ||  1.00  1.00  0.00 -1.00  0.00  0.00  0.00 -1.00  0.00  0.00 |  1.00       1
     0.00  0.00  0.00  2.00  1.00  0.00 ||  0.00 -3.00 -1.00  4.00  0.00  0.00  0.00  2.00  1.00  0.00 |  2.00       9
     0.00  0.00  0.00 -1.00  0.00  1.00 ||  0.00 -1.00  0.00 -3.00  0.00  0.00  0.00 -1.00  0.00  1.00 | 10.00      10


  Tableau in canonical form:
     0.00  0.00  0.00 -6.00  0.00  0.00 ||  0.00 16.00  1.00 -4.00  0.00  0.00  0.00 -6.00  0.00  0.00 |  6.00  Basis:
    ----------------------------------------------------------------------------------------------------------
     1.00  0.00  0.00 -1.00  0.00  0.00 ||  0.00  2.00  1.00  1.00  1.00  0.00  0.00 -1.00  0.00  0.00 |  6.00       5
     0.00  1.00  0.00  0.00  0.00  0.00 ||  0.00  0.00  1.00 -2.00  0.00  1.00  0.00  0.00  0.00  0.00 |  1.00       6
     0.00  0.00  1.00  2.00  0.00  0.00 ||  0.00 -4.00  1.00  3.00  0.00  0.00  1.00  2.00  0.00  0.00 |  7.00       7
     0.00  0.00  0.00 -1.00  0.00  0.00 ||  1.00  1.00  0.00 -1.00  0.00  0.00  0.00 -1.00  0.00  0.00 |  1.00       1
     0.00  0.00  0.00  2.00  1.00  0.00 ||  0.00 -3.00 -1.00  4.00  0.00  0.00  0.00  2.00  1.00  0.00 |  2.00       9
     0.00  0.00  0.00 -1.00  0.00  1.00 ||  0.00 -1.00  0.00 -3.00  0.00  0.00  0.00 -1.00  0.00  1.00 | 10.00      10

---------------------------------
Optimising tableau...

  Tableau, iteration 1

     0.00  0.00  0.00  0.00  3.00  0.00 ||  0.00  7.00 -2.00  8.00  0.00  0.00  0.00  0.00  3.00  0.00 | 12.00  Basis:
    ----------------------------------------------------------------------------------------------------------
     1.00  0.00  0.00  0.00  0.50  0.00 ||  0.00  0.50  0.50  3.00  1.00  0.00  0.00  0.00  0.50  0.00 |  7.00       5
     0.00  1.00  0.00  0.00  0.00  0.00 ||  0.00  0.00  1.00 -2.00  0.00  1.00  0.00  0.00  0.00  0.00 |  1.00       6
     0.00  0.00  1.00  0.00 -1.00  0.00 ||  0.00 -1.00  2.00 -1.00  0.00  0.00  1.00  0.00 -1.00  0.00 |  5.00       7
     0.00  0.00  0.00  0.00  0.50  0.00 ||  1.00 -0.50 -0.50  1.00  0.00  0.00  0.00  0.00  0.50  0.00 |  2.00       1
     0.00  0.00  0.00  1.00  0.50  0.00 ||  0.00 -1.50 -0.50  2.00  0.00  0.00  0.00  1.00  0.50  0.00 |  1.00       8
     0.00  0.00  0.00  0.00  0.50  1.00 ||  0.00 -2.50 -0.50 -1.00  0.00  0.00  0.00  0.00  0.50  1.00 | 11.00      10


  Tableau, iteration 2

     0.00  2.00  0.00  0.00  3.00  0.00 ||  0.00  7.00  0.00  4.00  0.00  2.00  0.00  0.00  3.00  0.00 | 14.00  Basis:
    ----------------------------------------------------------------------------------------------------------
     1.00 -0.50  0.00  0.00  0.50  0.00 ||  0.00  0.50  0.00  4.00  1.00 -0.50  0.00  0.00  0.50  0.00 |  6.50       5
     0.00  1.00  0.00  0.00  0.00  0.00 ||  0.00  0.00  1.00 -2.00  0.00  1.00  0.00  0.00  0.00  0.00 |  1.00       3
     0.00 -2.00  1.00  0.00 -1.00  0.00 ||  0.00 -1.00  0.00  3.00  0.00 -2.00  1.00  0.00 -1.00  0.00 |  3.00       7
     0.00  0.50  0.00  0.00  0.50  0.00 ||  1.00 -0.50  0.00  0.00  0.00  0.50  0.00  0.00  0.50  0.00 |  2.50       1
     0.00  0.50  0.00  1.00  0.50  0.00 ||  0.00 -1.50  0.00  1.00  0.00  0.50  0.00  1.00  0.50  0.00 |  1.50       8
     0.00  0.50  0.00  0.00  0.50  1.00 ||  0.00 -2.50  0.00 -2.00  0.00  0.50  0.00  0.00  0.50  1.00 | 11.50      10


  LP solved
    Status     : optimal
    Obj. value : 14
    Solution   : [ 2.50  0.00  1.00  0.00  6.50  0.00  3.00  1.50  0.00 11.50]
    Certificate: [ 0.00  2.00  0.00  0.00  3.00  0.00]

--------------------------------------------------------
Solution of the original LP

  LP solved
    Status     : optimal
    Obj. value : 14
    Solution   : [2.50 0.00 1.00 0.00]
    Certificate: [0.00 2.00 0.00 0.00 3.00 0.00]
